condition,gender,GAD_1,GAD_2,GAD_3,GAD_4,GAD_5,GAD_6,GAD_7,msh_1,msh_2,msh_3,msh_4,msh_5,ipd,ipd_setting,postssq_ts,ssqts_change
1,2,1,0,1,1,0,0,0,0,0,0,0,0,67.0,67,7.48,7.48
1,2,0,0,0,0,0,0,0,0,0,0,0,0,62.0,62,93.5,93.5
2,1,1,1,1,1,0,0,0,0,1,0,1,0,63.5,64,97.24,97.24
2,2,1,1,1,1,0,0,0,0,0,0,0,0,67.0,67,11.22,11.22
2,2,2,0,1,0,1,0,0,0,0,0,0,0,68.0,68,26.18,26.18
3,1,1,1,1,1,0,0,0,0,1,0,0,0,57.0,59,112.2,112.2
2,2,1,0,1,0,0,0,0,0,2,0,0,0,65.0,65,56.1,56.1
3,2,1,0,0,1,2,1,0,0,0,0,0,0,64.5,65,93.5,86.02
1,1,1,0,1,1,0,1,0,0,2,0,0,0,65.0,65,18.7,18.7
1,2,1,1,1,1,1,0,1,0,0,0,0,0,67.0,67,59.84,59.84
2,2,1,0,0,1,0,0,0,0,1,0,0,0,65.0,65,119.68,119.68
2,1,0,0,0,0,0,0,0,0,1,0,0,0,65.0,65,7.48,7.48
2,2,0,0,0,0,0,0,0,0,0,0,0,0,67.0,67,0,0
3,1,1,0,0,0,0,0,0,0,0,0,0,0,57.0,59,0,0
3,1,1,1,1,1,0,0,0,0,1,1,1,1,68.0,68,115.94,115.94
1,1,2,2,1,1,0,0,0,0,1,1,0,0,63.0,63,7.48,7.48
3,2,0,0,0,1,0,0,0,0,0,0,0,0,64.0,64,33.66,33.66
2,1,0,0,0,0,0,0,0,0,0,0,0,0,60.0,60,89.76,89.76
3,2,0,0,0,0,0,0,0,0,0,0,0,0,70.0,70,0,0
1,1,0,0,0,0,0,0,0,0,1,1,0,0,61.0,61,7.48,7.48
2,2,2,2,1,2,2,0,0,0,0,0,0,0,67.0,67,18.7,18.7
1,2,0,0,0,1,0,0,0,0,1,1,0,0,65.0,65,29.92,29.92
2,2,1,0,1,0,1,0,0,0,0,0,0,0,65.0,65,7.48,7.48
3,2,0,0,0,0,0,0,0,0,0,0,0,0,61.0,61,48.62,48.62
1,2,0,0,0,0,1,0,0,0,0,0,0,0,62.3,62,41.14,41.14
3,2,0,1,1,1,0,1,0,0,0,0,0,0,62.3,62,48.62,48.62
2,1,1,0,0,0,0,0,0,0,0,0,0,0,65.0,65,59.84,59.84
1,2,0,0,0,0,0,0,0,0,0,1,0,0,61.0,61,0,0
2,2,0,0,0,0,0,0,0,0,0,0,0,0,64.0,64,18.7,18.7
3,1,3,1,2,2,1,1,2,0,1,0,0,0,58.0,59,127.16,127.16
1,1,1,0,1,0,0,1,1,0,1,0,1,0,62.5,63,29.92,29.92
3,1,2,2,2,2,2,2,2,0,1,0,0,0,61.0,61,74.8,74.8
1,2,0,0,0,0,0,1,0,0,1,0,0,0,65.0,65,63.58,63.58
2,2,1,0,1,1,0,0,0,0,0,0,0,0,64.3,64,44.88,44.88
2,1,0,1,1,1,0,1,0,0,0,0,0,0,59.0,59,7.48,7.48
1,1,2,1,2,2,1,1,1,0,1,0,0,0,60.2,60,37.4,37.4
2,2,1,0,0,0,0,0,0,0,0,0,0,0,64.7,65,3.74,3.74
2,2,0,0,0,0,0,0,0,0,0,0,0,0,66.2,66,44.88,44.88
2,2,1,1,1,1,1,0,1,0,2,0,0,0,64.0,64,18.7,11.22
1,1,1,0,1,1,0,1,0,0,0,0,0,0,55.6,59,7.48,7.48
3,2,1,1,1,0,0,1,0,0,0,1,1,0,66.0,66,56.1,56.1
3,2,0,0,0,0,0,0,0,0,0,1,0,0,61.0,61,11.22,11.22
3,2,1,1,3,2,1,2,0,0,0,0,0,0,55.0,60, , 
2,2,0,0,0,0,0,0,0,0,1,0,0,0,58.7,59,37.4,37.4
1,1,2,2,2,2,1,1,2,0,0,0,0,0,60.9,61,11.22,11.22
1,2,0,0,0,0,0,0,0,0,1,0,0,0,65.0,65,7.48,7.48
1,2,0,0,0,0,0,0,0,0,0,0,0,0,60.0,60,0,0
1,2,0,0,0,0,0,0,0,0,1,0,0,0,67.1,67,37.4,37.4
2,2,0,0,0,0,0,1,0,0,1,0,0,0,63.0,63,29.92,29.92
3,2,0,0,0,0,1,1,0,0,0,0,0,0,67.0,67,14.96,14.96
2,1,1,0,1,0,0,0,0,0,0,1,0,0,57.0,59,100.98,97.24
1,1,0,0,0,0,0,0,0,0,0,0,0,0,65.0,65,11.22,11.22
1,2,1,1,1,1,0,1,0,0,0,1,0,0,67.3,67,14.96,14.96
1,1,0,0,0,0,0,0,0,0,0,0,0,0,59.0,59,0,0
3,2,1,1,1,1,0,2,0,0,0,1,0,0,62.0,62,0,0
3,2,2,1,1,1,0,0,0,0,1,1,1,1,68.0,68,52.36,52.36
2,1,1,0,0,0,1,0,0,0,0,0,0,0,60.0,60,22.44,22.44
3,2,0,0,0,0,0,0,0,0,1,0,1,0,60.0,60,41.14,41.14
1,2,0,0,0,0,0,0,0,0,0,0,0,0,78.0,70,29.92,29.92
3,2,0,0,0,1,1,1,0,0,1,0,0,0,64.0,64,48.62,48.62
2,2,0,0,0,0,0,0,0,0,0,0,0,0,64.0,64,14.96,14.96
1,2,0,0,0,1,0,0,0,0,0,0,0,1,67.0,67,52.36,52.36
2,2,0,0,0,1,0,0,0,0,1,0,0,0,65.0,65,33.66,33.66
3,2,1,1,1,1,0,1,2,0,2,0,0,0,69.0,69,63.58,63.58
2,1,1,1,1,1,0,1,0,0,1,0,0,0,61.0,61,29.92,29.92
3,2,2,1,2,1,1,0,1,0,2,2,0,0,68.0,68,82.28,82.28
2,2,2,2,2,1,1,1,2,0,1,0,1,1,65.0,65,160.82,160.82
2,2,0,0,0,0,0,0,0,0,0,0,0,0,61.0,61,11.22,11.22
3,1,0,0,1,0,1,1,0,0,0,0,0,0,63.0,63,52.36,52.36
1,1,0,0,1,1,0,0,0,0,0,0,0,0,62.2,63,3.74,3.74
2,1,1,1,1,1,0,1,0,0,0,0,1,0,66.7,67,52.36,44.88
3,2,2,1,1,1,1,1,0,1,0,0,0,0,60.4,60,86.02,86.02
3,1,1,1,1,1,1,1,1,0,1,0,1,0,60.4,60,153.34,149.6
1,2,0,0,0,1,0,0,0,0,0,0,0,0,63.0,63,0,0
3,1,3,3,3,3,1,2,1,0,0,0,0,0,70.0,70,157.08,157.08
2,2,1,1,2,1,1,0,0,0,0,1,0,0,65.0,65,67.32,67.32
2,2,2,1,1,0,1,2,1,0,1,0,0,0,63.0,63,41.14,26.18
2,1,0,1,2,1,1,1,0,0,0,0,0,0,63.0,63,56.1,56.1
3,2,0,0,0,0,1,1,0,0,1,0,0,0,63.0,63,160.82,160.82
2,2,1,0,0,1,0,1,0,0,0,0,0,0,74.0,70,22.44,22.44
2,1,0,0,0,0,0,0,0,0,0,1,1,1,65.1,65,7.48,7.48
3,2,0,1,1,0,0,1,0,0,0,0,0,0,65.9,66,89.76,86.02
2,2,0,0,0,0,0,0,0,0,0,1,0,0,67.0,67,44.88,44.88
3,2,0,0,0,0,0,0,0,0,1,0,0,0,61.5,61,112.2,112.2
1,2,1,0,1,0,0,0,1,0,1,0,0,0,61.0,61,29.92,29.92
3,2,1,1,1,2,1,1,1,0,0,0,0,0,62.0,62,14.96,14.96
1,2,1,1,1,1,0,0,0,0,0,0,0,0,64.0,64,3.74,3.74
1,1,0,0,0,0,0,0,0,0,1,0,0,0,63.0,63,11.22,11.22
1,2,1,0,0,0,0,0,0,0,0,0,1,0,63.0,63,22.44,22.44
3,2,1,0,0,1,0,0,0,0,0,0,0,0,62.0,62,63.58,63.58
1,2,1,1,2,1,2,2,1,0,0,0,0,0,68.0,68,3.74,3.74
2,1,0,0,0,0,0,0,0,0,0,0,0,0,59.0,59,100.98,100.98
3,2,1,0,0,0,0,0,0,0,0,0,0,0,64.4,64,71.06,71.06
1,1,0,0,0,1,0,1,0,0,2,0,1,0,63.0,63,41.14,41.14
1,3,1,1,1,1,1,1,1,0,0,0,0,0,67.0,67,71.06,71.06
1,1,0,0,0,1,1,0,0,0,0,0,1,0,64.0,64,89.76,86.02
2,2,2,1,2,1,1,0,1,0,0,0,0,0,66.0,66,7.48,7.48
3,2,1,0,0,2,1,2,0,0,1,2,1,0,63.1,63,22.44,22.44
2,1,0,0,0,0,0,0,0,0,0,0,0,0,56.0,59,37.4,37.4
3,1,1,0,0,1,0,0,0,0,1,2,2,0,63.9,64,100.98,100.98
1,2,1,0,0,0,0,0,0,0,0,1,0,0,62.0,62,74.8,74.8
1,2,0,0,0,0,0,0,0,0,0,1,0,0,66.0,66,3.74,3.74
3,3,1,1,1,3,0,1,2,1,1,2,0,0,0.0,0,97.24,89.76
1,1,0,0,0,0,0,0,0,0,1,1,0,0,62.0,62,74.8,74.8
2,1,1,1,1,1,1,1,0,0,1,1,0,0,64.4,64,18.7,18.7
3,2,1,1,1,0,1,0,0,0,0,0,0,0,71.0,70,0,0
2,2,1,0,1,1,0,0,0,0,0,0,0,0,63.0,63,29.92,29.92
1,1,1,1,1,1,1,1,1,0,0,0,0,0,66.2,66,100.98,100.98
2,1,2,1,1,0,1,1,0,0,1,0,0,0,63.7,64,52.36,52.36
3,2,0,0,0,0,0,1,0,0,1,2,0,0,62.0,62,56.1,56.1
1,3,1,1,1,1,2,0,0,0,0,1,0,0,59.0,59,11.22,11.22
2,2,3,3,3,1,2,2,2,1,1,1,2,0,64.5,65,224.4,224.4
3,2,0,0,0,0,0,0,0,0,0,0,0,0,69.1,69,18.7,18.7
2,2,0,0,0,0,0,0,0,0,0,0,0,0,63.0,63,18.7,18.7
3,2,1,0,1,0,1,1,0,0,1,0,0,0,68.0,68,22.44,22.44
3,2,1,0,1,0,0,0,0,1,2,2,0,0,64.0,64,142.12,142.12
3,2,0,0,0,1,0,0,0,0,1,0,0,0,71.0,70,44.88,44.88
1,2,1,0,0,1,0,0,0,0,1,0,1,0,64.1,64,0,0
3,1,1,1,1,1,0,1,0,0,0,0,0,0,62.0,62,63.58,63.58
3,2,0,0,0,1,0,0,0,0,0,0,0,0,65.3,65,37.4,37.4
2,2,1,1,2,1,1,0,1,0,0,0,1,0,67.4,67,14.96,14.96
3,1,1,0,0,0,0,0,0,0,1,0,1,1,64.0,64,179.52,179.52
2,1,0,0,0,0,0,0,0,0,1,0,0,0,63.0,63,33.66,33.66
3,1,2,2,2,2,1,2,2,0,0,0,0,0,59.0,59,89.76,89.76
1,1,0,0,0,0,0,0,0,0,1,0,0,0,65.5,66,48.62,48.62
2,2,0,0,1,0,1,1,0,0,1,0,1,0,63.0,63,63.58,63.58
3,2,1,0,1,1,1,1,0,0,0,0,0,0,64.0,64,26.18,26.18
1,2,0,0,0,0,0,0,0,0,0,1,1,0,61.0,61,14.96,14.96
1,2,0,0,0,0,0,0,0,0,1,0,0,0,61.0,61,18.7,18.7
2,1,1,0,0,1,0,0,0,0,1,0,0,0,63.0,63,86.02,86.02
3,2,1,1,1,1,2,0,0,0,0,0,0,0,71.0,71,18.7,18.7
1,2,0,0,1,0,0,0,0,0,0,1,0,0,64.0,64,18.7,18.7
2,1,1,0,1,0,0,0,0,0,1,1,1,0,63.0,63,18.7,18.7
1,1,0,1,0,0,0,0,0,0,2,0,0,0,68.0,68,11.22,11.22
1,2,1,0,0,0,0,0,0,0,0,0,0,0,67.0,67,11.22,11.22
3,1,1,1,1,1,1,1,1,0,0,0,0,0,60.5,61,22.44,22.44
1,2,0,1,1,1,0,0,1,0,0,0,0,0,66.0,66,108.46,97.24
2,1,1,0,0,0,0,0,0,0,0,0,0,0,61.0,61,82.28,82.28
